bmi count
13.44 1
13.51 1
14.12 1
14.75 1
15.2 1
15.36 1
15.67 1
15.68 1
15.92 1
15.98 2
16.05 1
16.12 1
16.14 1
16.15 1
16.21 2
16.33 1
16.44 1
16.49 1
16.5 1
16.55 1
16.66 1
16.72 1
16.74 1
16.76 1
16.77 2
16.8 1
16.89 1
16.94 1
16.95 1
16.98 1
17.04 2
17.12 3
17.13 1
17.14 1
17.15 1
17.17 1
17.2 1
17.21 1
17.24 1
17.25 1
17.29 1
17.3 1
17.32 1
17.34 1
17.38 2
17.41 2
17.45 1
17.47 2
17.48 1
17.49 1
17.5 1
17.54 1
17.55 1
17.56 1
17.59 1
17.6 1
17.62 1
17.64 1
17.65 1
17.67 3
17.7 1
17.71 3
17.73 2
17.74 2
17.75 1
17.78 2
17.79 1
17.81 1
17.83 1
17.86 2
17.87 1
17.9 1
17.92 1
17.94 1
17.96 1
17.97 1
17.98 1
17.99 2
18 1
18.02 1
18.03 1
18.04 1
18.05 2
18.06 4
18.07 1
18.1 1
18.11 3
18.12 1
18.16 1
18.18 1
18.19 1
18.2 1
18.21 1
18.24 1
18.27 1
18.32 2
18.34 1
18.35 1
18.36 2
18.37 1
18.39 1
18.4 1
18.41 1
18.42 1
18.45 1
18.47 1
18.48 1
18.53 1
18.57 1
18.6 1
18.61 1
18.63 1
18.65 1
18.66 1
18.67 1
18.75 3
18.76 1
18.78 1
18.8 1
18.81 1
18.82 1
18.83 1
18.84 1
18.86 2
18.88 1
18.89 2
18.91 1
18.92 3
18.94 2
18.95 1
18.97 5
18.98 2
18.99 3
19.01 1
19.02 3
19.03 1
19.06 1
19.08 2
19.1 1
19.11 1
19.12 3
19.13 1
19.14 1
19.16 2
19.18 1
19.2 1
19.21 3
19.22 2
19.23 1
19.24 1
19.25 1
19.26 3
19.27 3
19.28 1
19.29 1
19.3 2
19.31 3
19.32 1
19.33 1
19.34 1
19.35 2
19.36 1
19.38 1
19.39 1
19.4 1
19.44 1
19.45 1
19.47 4
19.48 2
19.5 1
19.51 1
19.52 2
19.53 1
19.54 3
19.56 1
19.61 2
19.63 1
19.64 1
19.65 1
19.67 1
19.68 3
19.69 1
19.7 1
19.71 1
19.73 1
19.74 2
19.75 1
19.77 1
19.78 5
19.79 1
19.8 1
19.81 2
19.82 1
19.83 2
19.84 2
19.85 1
19.86 2
19.88 1
19.89 2
19.9 3
19.91 3
19.92 2
19.93 1
19.95 2
19.96 3
19.97 1
19.98 1
19.99 1
20 1
20.02 2
20.03 1
20.04 5
20.05 1
20.06 1
20.08 2
20.09 1
20.1 1
20.11 2
20.12 2
20.13 2
20.14 1
20.15 1
20.17 2
20.18 1
20.19 4
20.2 2
20.21 2
20.22 1
20.23 2
20.26 3
20.27 3
20.3 3
20.32 2
20.34 2
20.35 2
20.36 3
20.37 2
20.38 5
20.39 2
20.4 2
20.41 3
20.42 1
20.44 1
20.45 1
20.47 1
20.48 5
20.49 3
20.5 1
20.52 1
20.53 2
20.54 2
20.56 2
20.59 2
20.6 3
20.61 1
20.62 2
20.64 2
20.65 2
20.66 1
20.67 1
20.69 3
20.7 2
20.72 1
20.73 3
20.74 4
20.75 1
20.76 4
20.77 5
20.78 2
20.79 4
20.8 1
20.82 2
20.84 1
20.85 2
20.87 1
20.88 6
20.9 1
20.91 5
20.92 4
20.93 1
20.94 1
20.96 2
20.97 4
20.98 2
20.99 1
21 1
21.01 2
21.03 3
21.04 2
21.05 2
21.06 1
21.07 3
21.08 2
21.1 1
21.11 5
21.12 3
21.13 1
21.14 4
21.15 4
21.16 3
21.18 2
21.19 1
21.2 3
21.21 2
21.22 1
21.23 2
21.24 1
21.25 1
21.26 2
21.27 5
21.3 4
21.31 4
21.32 2
21.33 1
21.34 4
21.35 2
21.37 1
21.38 1
21.39 2
21.41 2
21.42 4
21.43 4
21.44 1
21.45 3
21.46 4
21.47 3
21.49 2
21.5 2
21.51 4
21.52 3
21.53 3
21.56 3
21.57 8
21.58 1
21.6 2
21.61 1
21.62 1
21.63 3
21.64 5
21.65 5
21.66 2
21.67 3
21.68 1
21.69 2
21.7 2
21.71 1
21.72 2
21.73 1
21.74 3
21.75 2
21.76 4
21.77 1
21.78 2
21.79 3
21.81 3
21.82 1
21.83 2
21.84 1
21.85 1
21.86 3
21.87 2
21.88 1
21.89 4
21.9 4
21.91 5
21.92 4
21.93 6
21.94 1
21.95 3
21.96 6
21.97 6
21.98 2
21.99 2
22 3
22.01 1
22.02 2
22.03 5
22.04 5
22.05 1
22.06 2
22.07 6
22.08 1
22.09 3
22.1 1
22.11 3
22.12 2
22.13 1
22.14 1
22.16 2
22.17 4
22.18 3
22.19 6
22.2 5
22.21 1
22.22 2
22.23 2
22.24 3
22.26 3
22.27 5
22.29 4
22.3 2
22.31 2
22.32 2
22.33 3
22.34 4
22.35 1
22.36 2
22.37 4
22.38 1
22.39 3
22.4 3
22.41 3
22.42 1
22.43 2
22.44 2
22.45 3
22.46 2
22.47 3
22.48 1
22.49 4
22.5 5
22.51 2
22.52 4
22.53 3
22.54 2
22.55 3
22.56 2
22.57 1
22.58 3
22.59 2
22.6 3
22.62 3
22.63 2
22.64 5
22.65 3
22.66 2
22.67 1
22.68 3
22.69 1
22.7 2
22.71 4
22.72 3
22.75 1
22.76 1
22.77 2
22.78 3
22.79 3
22.81 2
22.82 4
22.83 3
22.84 2
22.85 3
22.86 1
22.87 1
22.88 2
22.89 4
22.9 3
22.91 3
22.93 2
22.94 3
22.95 1
22.97 5
22.98 3
22.99 1
23 5
23.01 3
23.02 4
23.03 3
23.04 1
23.05 2
23.06 2
23.07 3
23.08 4
23.09 1
23.1 5
23.11 2
23.12 2
23.13 2
23.14 5
23.15 2
23.16 6
23.17 3
23.18 1
23.19 2
23.2 1
23.21 2
23.22 2
23.23 4
23.24 2
23.25 3
23.26 3
23.27 2
23.28 5
23.3 4
23.32 3
23.33 2
23.35 3
23.36 5
23.37 2
23.38 3
23.39 3
23.4 1
23.41 1
23.42 4
23.43 3
23.44 2
23.45 2
23.46 2
23.47 4
23.48 2
23.49 4
23.5 1
23.51 5
23.52 4
23.53 4
23.54 2
23.55 2
23.56 3
23.58 1
23.59 4
23.6 3
23.61 3
23.62 3
23.63 3
23.64 2
23.65 3
23.66 1
23.67 2
23.68 2
23.69 7
23.7 2
23.71 3
23.72 1
23.73 2
23.74 6
23.75 5
23.76 3
23.77 5
23.78 3
23.79 5
23.8 1
23.81 1
23.82 2
23.83 2
23.84 3
23.86 3
23.87 5
23.88 1
23.89 3
23.9 1
23.91 3
23.92 2
23.93 5
23.94 3
23.95 4
23.96 4
23.97 3
23.98 1
23.99 2
24 6
24.01 3
24.02 1
24.03 2
24.04 1
24.05 6
24.06 2
24.07 5
24.08 2
24.09 2
24.1 2
24.11 1
24.12 3
24.13 2
24.14 3
24.15 4
24.16 2
24.17 1
24.18 6
24.19 2
24.2 2
24.21 4
24.22 2
24.23 5
24.24 6
24.25 2
24.26 1
24.27 1
24.28 6
24.29 1
24.3 1
24.31 3
24.33 5
24.34 2
24.35 4
24.37 2
24.38 3
24.39 3
24.4 2
24.41 6
24.42 3
24.44 3
24.45 4
24.46 2
24.47 3
24.48 2
24.49 2
24.5 3
24.51 1
24.52 5
24.53 3
24.54 2
24.55 2
24.56 2
24.57 2
24.58 2
24.59 3
24.6 1
24.61 3
24.62 2
24.63 5
24.64 3
24.65 2
24.66 2
24.67 3
24.68 3
24.7 3
24.71 1
24.73 2
24.74 1
24.75 2
24.76 2
24.77 5
24.78 2
24.79 2
24.8 1
24.81 1
24.82 2
24.83 1
24.85 1
24.86 6
24.87 1
24.88 6
24.89 4
24.9 3
24.91 3
24.92 3
24.93 3
24.94 4
24.96 1
24.97 2
24.98 1
24.99 3
25 1
25.01 1
25.02 1
25.03 3
25.04 3
25.05 3
25.06 2
25.07 1
25.08 3
25.09 3
25.1 5
25.13 6
25.14 1
25.15 1
25.16 4
25.17 4
25.18 4
25.19 6
25.2 3
25.21 4
25.22 4
25.25 2
25.26 4
25.27 3
25.28 1
25.29 2
25.3 4
25.31 3
25.32 2
25.33 1
25.34 1
25.35 5
25.36 4
25.37 1
25.38 6
25.39 2
25.4 2
25.41 3
25.42 1
25.43 3
25.44 1
25.45 1
25.46 5
25.47 1
25.49 1
25.5 2
25.51 3
25.52 2
25.53 4
25.54 1
25.55 4
25.56 8
25.57 4
25.58 3
25.59 2
25.6 4
25.61 3
25.62 1
25.63 1
25.64 4
25.66 2
25.67 2
25.68 5
25.7 1
25.71 4
25.72 4
25.74 3
25.75 2
25.76 3
25.77 2
25.78 3
25.79 1
25.8 1
25.81 4
25.83 1
25.84 2
25.85 1
25.86 4
25.87 1
25.88 1
25.9 3
25.91 2
25.92 1
25.93 1
25.94 2
25.95 2
25.96 1
25.97 2
25.98 2
25.99 1
26 2
26.01 4
26.02 3
26.03 2
26.04 2
26.05 1
26.07 1
26.08 2
26.09 5
26.1 3
26.11 4
26.12 1
26.13 1
26.14 4
26.15 3
26.16 3
26.17 2
26.18 2
26.2 5
26.21 1
26.22 2
26.23 1
26.24 3
26.25 3
26.26 3
26.27 1
26.28 1
26.3 2
26.31 1
26.32 1
26.33 3
26.34 2
26.35 2
26.36 2
26.37 5
26.38 1
26.39 2
26.4 3
26.41 2
26.42 1
26.43 2
26.44 1
26.45 3
26.46 2
26.47 2
26.48 2
26.49 4
26.5 3
26.51 1
26.53 1
26.54 2
26.55 1
26.56 1
26.58 2
26.59 2
26.6 2
26.61 1
26.62 3
26.63 1
26.64 2
26.65 1
26.66 2
26.68 2
26.69 3
26.7 3
26.71 4
26.72 2
26.73 1
26.74 2
26.75 2
26.77 2
26.78 1
26.79 2
26.8 2
26.81 1
26.82 1
26.84 4
26.85 1
26.87 3
26.88 3
26.89 1
26.9 1
26.91 2
26.93 1
26.94 3
26.95 3
26.96 1
26.97 2
26.98 2
27.01 2
27.04 1
27.05 5
27.06 2
27.07 2
27.09 1
27.1 5
27.11 1
27.12 4
27.13 1
27.15 2
27.17 1
27.18 2
27.19 3
27.2 2
27.21 1
27.22 1
27.24 1
27.25 1
27.26 4
27.27 3
27.28 1
27.29 1
27.3 7
27.31 3
27.32 3
27.33 3
27.34 2
27.35 1
27.36 2
27.38 1
27.4 1
27.41 1
27.43 3
27.44 2
27.47 1
27.48 1
27.49 3
27.51 2
27.53 1
27.54 2
27.56 1
27.57 1
27.58 1
27.59 2
27.6 2
27.61 2
27.62 2
27.63 2
27.64 3
27.66 1
27.67 1
27.68 1
27.69 2
27.71 2
27.72 2
27.73 1
27.74 1
27.75 1
27.76 1
27.77 1
27.78 1
27.79 2
27.8 2
27.81 2
27.82 2
27.83 2
27.84 3
27.85 3
27.86 2
27.87 1
27.89 2
27.91 4
27.92 1
27.93 4
27.94 2
27.97 1
27.98 4
27.99 1
28 2
28.02 1
28.03 1
28.04 2
28.05 1
28.06 1
28.07 1
28.08 3
28.11 2
28.12 1
28.14 4
28.17 3
28.18 1
28.2 1
28.21 2
28.24 1
28.26 2
28.27 2
28.28 1
28.29 1
28.32 3
28.33 2
28.34 2
28.35 1
28.38 1
28.43 1
28.44 1
28.45 1
28.49 5
28.5 1
28.52 1
28.53 1
28.54 1
28.55 2
28.56 1
28.57 1
28.58 1
28.59 1
28.61 1
28.63 1
28.65 1
28.66 1
28.71 2
28.72 2
28.73 1
28.74 2
28.76 1
28.78 2
28.8 1
28.83 1
28.85 3
28.88 1
28.9 2
28.92 1
28.98 3
28.99 1
29.01 1
29.03 2
29.04 1
29.05 1
29.07 3
29.1 1
29.11 2
29.15 3
29.16 3
29.19 5
29.2 2
29.21 1
29.22 2
29.23 2
29.25 1
29.26 1
29.28 1
29.3 1
29.32 1
29.33 1
29.34 1
29.35 1
29.37 1
29.38 1
29.44 1
29.48 1
29.5 1
29.51 1
29.52 1
29.57 1
29.58 1
29.6 1
29.62 3
29.65 1
29.67 2
29.69 1
29.7 1
29.74 1
29.76 1
29.81 1
29.85 2
29.88 2
29.9 1
29.93 1
29.94 1
29.97 2
29.98 1
30.02 4
30.03 1
30.05 1
30.08 1
30.1 2
30.15 1
30.16 1
30.18 1
30.19 1
30.22 1
30.24 1
30.25 1
30.27 1
30.31 2
30.32 1
30.33 1
30.41 1
30.43 1
30.5 1
30.51 1
30.56 1
30.58 1
30.64 2
30.66 1
30.69 1
30.72 1
30.73 2
30.77 1
30.8 2
30.84 2
30.9 1
30.94 1
30.97 1
30.99 1
31.02 1
31.05 3
31.06 1
31.13 1
31.18 2
31.24 1
31.25 2
31.26 1
31.27 1
31.29 2
31.32 1
31.33 1
31.36 1
31.4 1
31.45 1
31.62 1
31.65 2
31.68 1
31.72 2
31.86 2
31.89 1
31.9 1
31.92 1
31.95 1
31.96 1
31.98 1
32.03 1
32.05 1
32.23 1
32.27 1
32.29 1
32.31 1
32.32 1
32.36 1
32.38 1
32.4 1
32.45 1
32.49 1
32.59 1
32.75 1
32.77 1
32.9 1
32.92 1
32.93 1
32.98 1
33.02 1
33.05 1
33.27 1
33.29 1
33.4 1
33.44 1
33.46 1
33.51 1
33.91 1
33.95 1
33.99 1
34.21 1
34.51 1
34.91 1
34.96 1
35.03 1
35.11 1
35.28 1
35.55 1
36.04 1
36.09 1
36.15 1
36.48 1
38.38 1
40.13 1
40.66 1
56.47 1
